S            244        14195461                     22   8126582           1
D020    61002301        3602013629200003639      201808     30814         038
D020    61140901        3602001009001561849      201808      1800      180039
D020    61198192        82050154740000152        201808      3956      395639
D020    61327063        44001400705059500026     201808      3680      368039
D020    61326893        44001400705053000096     201808    183903    18390339
D020    61291234        101001517010001271       201808      1960      196039
D020    61308106        44001580507050249048     201808      3200      320039
D020    61321974        44001400102053000343     201808    287691    28769139
D020    61321303        44001400705059500011     201808      9634      963439
D020    61323857        44001400701053000333     201808    116909    11690939
D020    61141306        3602026219200214241      201808    418770    41877039
D020    61349587        3602026809200016908      201808   7316485         038
D020    61357472        3602005009200106086      201808     98349     9834939
D020    61357466        3602013519299010755      201808     62931     6293139
D020    61633860        44051401040000695        201808      2498      249839
D020    61824839        03781975000000037        201808      2660      266039
D020    61867908        370220001000005857       201808     11520     1152039
D020    62663265        344605001000024078       201808      9600      960039
D020    61030085        3602201209100021155      201808      3400      340039
D020    61359116        3602015409000271669      201808    103702    10370239
D020    61111622        3602005009200106086      201808      3680      368039
D020    61114128        441165853018010017788    201808      4280      428039
D020    61141079        44042501040000173        201808      3200      320039
D020    61323937        44001400705050065362     201808    151145    15114539
D020    61288278        82080154740011375        201808       500       50039
D020    61296347        44001431903050234719     201808      3680      368039
D020    61343852        44032101040006205        201808     11690     1169039
D020    61321186        3602013509299004250      201808    450368         038
D020    61327183        44001400705059100003     201808    344192    34419239
D020    61324008        3602001009000184778      201808    128641    12864139
D020    61339033        44001400705059300003     201808     58748     5874839
D020    61331783        44001400705050065406     201808      6900      690039
D020    61328662        683608882                201808      2626      262639
D020    61338832        44001400705059300001     201808    401642    40164239
D020    61351081        3602005019200593640      201808     95852     9585239
D020    61352202        44001470503050307143     201808     67238     6723839
D020    61352524        44001490703050414782     201808      3200      320039
D020    61630700        3602073009200153664      201808     76564     7656439
D020    61902480        3602070429200003907      201808      3200      320039
D020    61917300        44001531416059000257     201808       960       96039
D020    62130300        347701001000016027       201808     16200     1620039
D020    61327503        44001400705059500026     201808    329185    32918539
D020    61153315        800156724902012          201808      5320      532039
D020    61192831        82050154740000152        201808      4160      416039
D020    61238976        44050201040006572        201808      7360      736039
D020    61300095        44001471011053004498     201808      6918      691839
D020    61338800        44001400705059400015     201808    137270    13727039
D020    61325921        3602013509200059951      201808     53134     5313439
D020    61330050        394880100100387512       201808     62174     6217439
D020    61326074        44001400701050061583     201808      7360      736039
D020    61349400        3602006409200037084      201808    140042    14004239
D020    61358282        3602005019200198475      201808      4544      454439
D020    61372787        44057901040008410        201808      5960      596039
D020    62195366        44001581301050296509     201808      2280      228039
D020    61086430        3602002609200120977      201808    465036    46503639
D020    61090999        3602021409200370308      201808      3840      384039
D020    61146078        3602002719200130778      201808      9162      916239
D020    61146381        3602005009200299907      201808     79586     7958639
D020    61155689        315810001000012550       201808      6400      640039
D020    61270653        3602010909000921892      201808     17982     1798239
D020    61321987        3602013509000210434      201808     11604     1160439
D020    61327409        44001400701053000403     201808    245068    24506839
D020    61325929        44001400041052500183     201808    108896    10889639
D020    61338426        3602013529299006193      201808      5820      582039
D020    61351377        44001400705053003675     201808    601226    60122639
D020    61351547        44001470503050307143     201808      4028      402839
D020    61352210        44001470503050307143     201808      3200      320039
D020    61356877        44001551511050170180     201808      4756      475639
D020    61013123        44063501040000029        201808     10026     1002639
D020    61089101        3602090719200044375      201808     18622     1862239
D020    61106663        850361736708091001       201808      2980      298039
D020    62833359        800138031902018          201808      6400      640039
D020    61330846        44032101040004929        201808     44414     4441439
D020    61327187        44001400705053000508     201808     41800     4180039
D020    61291061        206803375029             201808      7520      752039
D020    61330053        44001400705053000027     201808     30250     3025039
D020    61371895        44001863201050177418     201808     22716     2271639
D020    61696001        3602064909000155545      201808    359470    35947039
D020    61657501        3602013009000363921      201808    137625    13762539
D020    61663400        3602064909200143040      201808    715176    71517639
D020    61690050        3602031409200983312      201808     12123     1212339
D020    61939931        15000079161337           201808      3280      328039
D020    62190536        01341345000000046        201808       800       80039
D020    62190542        01341417000000086        201808      1280      128039
D020    61022021        44059101040002038        201808     30480     3048039
D020    61083288        3602074409000315556      201808    546886    54688639
D020    61324447        44032101040003400        201808     24116     2411639
D020    61182073        3602010819200074892      201808     27114     2711439
D020    61198193        82050154740000152        201808      3680      368039
D020    61322083        44001400705059500005     201808    418393    41839339
D020    61331683        44001400701059333888     201808    818900    81890039
D020    61330503        44001400705059400054     201808     43590     4359039
D020    61332195        44001400705059500016     201808      4914      491439
D020    61332195        44001400705059500016     201808    277220    27722039
D020    62865291        44001400705059400026     201808     11838     1183839
D020    61351093        3602013519299010755      201807     10234         038
D020    61351093        3602013519299010755      201808      9480         038
D020    61352529        3602013529299009174      201808      2280      228039
D020    61357862        3602005019200198475      201808      4132      413239
D020    61823710        441169093018010011281    201808     51120         038
D020    62172771        3602097909200317318      201808      4440      444039
D020    62697999        347701001000016027       201808     36200     3620039
D020    61168989        441169561018010055065    201808      4828      482839
D020    61199008        44070301040000892        201808     30240     3024039
D020    61202113        800150421202016          201808      3840      384039
D020    61288010        800149170602012          201808      3680      368039
D020    61331896        82080154740009425        201808       500       50039
D020    61331896        82080154740009425        201808       500       50039
D020    61348191        44001400705059500025     201808     54320     5432039
D020    61348191        44001400705059500025     201808    383205    38320539
D020    61324733        44001400705059400026     201808     57338     5733839
D020    61330010        44001400701059333888     201808     82941     8294139
D020    61350602        44043601040001665        201808    252886    25288639
D020    61350602        44043601040001665        201808    576749    57674939
D020    61352209        44001470503050307143     201808      3366      336639
D020    61371120        3602031409000056086      201808     36196     3619639
D020    61371983        218803080229             201808     56309     5630939
D020    61372189        057901040001811          201808    113990    11399039
D020    61372666        218801919014             201808      5040      504039
D020    61633961        44051401040000695        201808        20        2039
D020    61827118        085201040001192          201808     35192     3519239
D020    61901412        3602004519200312509      201808      3200      320039
D020    61965868        44081701040000387        201808     14560     1456039
D020    62196284        936701001000058423       201808      6400      640039
D020    61075168        3602185419100004485      201808      5920      592039
D020    62243100        44063901040000310        201808     33720     3372039
D020    66667558        441165095018170074906    201808      9100      910039
D020    61261030        3602814519000004622      201808      2280      228039
D020    61282828        82080154740011375        201808       500       50039
D020    61280833        44030201040007252        201808    131960    13196039
D020    61280833        44030201040007252        201808     63698     6369839
D020    61296977        82150154740002690        201808     10700     1070039
D020    61298310        44001431903050234719     201808      3780      378039
D020    61300167        3602072509000002435      201808      3680      368039
D020    61343201        3602013519299010755      201807      9740         038
D020    61343201        3602013519299010755      201807     39364         038
D020    61343201        3602013519299010755      201808     10196         038
D020    61343201        3602013519299010755      201808     40700         038
D020    61321084        44001400102053000660     201808     22614     2261439
D020    61322027        44001400705053000407     201808    260337    26033739
D020    61324163        3602013509299004525      201808    172124    17212439
D020    61333156        3602013519299010755      201807     47126         038
D020    61333156        3602013519299010755      201808     42988         038
D020    61325485        44001400705059500014     201808     67647     6764739
D020    61330962        3602013519299009641      201808     86260     8626039
D020    61346763        44057001040004558        201808      3680         038
D020    61346763        44057001040004558        201808     18629         038
D020    61357065        3602002719200130778      201808      3512      351239
D020    61347811        44001400705059500016     201808      1892      189239
D020    61352304        3602840419100129309      201808     11732     1173239
D020    61354186        3602005019200198475      201808      4600      460039
D020    61372218        800250398808017          201808     26200     2620039
D020    61628046        3602001509001821846      201808     33288     3328839
D020    61690000        3602031409200983312      201808    449031    44903139
D020    62106217        3602018309200035102      201808      2980      298039
D020    61023681        0322014210000013         201808      6480      648039
D020    61025851        122001512011010893       201808     21200     2120039
D020    61259282        800118832902011          201808      7520      752039
D020    61291616        3602001009000955285      201808      3680      368039
D020    61298301        3602000109001050402      201808      3980      398039
D020    61311963        3602015009200933740      201808      3360      336039
D020    61330601        44001400701053001628     201808     67706     6770639
D020    61343419        3602013519299012559      201808    118224    11822439
D020    61328128        3602013529200114148      201808       480         038
D020    62692005        44001400705059300001     201808     12932     1293239
D020    61347678        44062301040003334        201808    108678    10867839
D020    61372001        057901040002116          201808    213934    21393439
D020    61902487        3602070429200003907      201808      3200      320039
D020    62159368        936701001000058423       201808      3200      320039
D020    61013122        44063501040000029        201808      9028      902839
D020    61322613        44001400705053000089     201808     48062     4806239
D020    61332388        44001400705059500035     201808    381783    38178339
D020    61337015        44001400705059500005     201808      2202      220239
D020    61347984        44001471001053005614     201808     23900     2390039
D020    61351651        44001471011053004498     201808      6100      610039
D020    61359900        44043601040002382        201808     21800     2180039
D020    61397023        875103270208091001       201808      6880      688039
D020    61636300        835350488008311001       201808    197579    19757939
D020    62110611        627564494765             201808      7360      736039
D020    62113931        637964339574             201808     11040     1104039
D020    62185563        715968721906             201808      3680      368039
D020    61025861        44070201040006974        201808      6400      640039
D020    61144908        44032201040003721        201808     27400     2740039
D020    61106203        3602010819200075794      201808      2500      250039
D020    61142000        3602835919100018418      201808     18238     1823839
D020    61202666        800156684608013          201808     15680     1568039
D020    61222224        44001400101050017076     201808     12719     1271939
D020    61311809        3602015019201208967      201808      6400      640039
D020    61339220        44001400705059300003     201808    110706    11070639
D020    62352294        3602001009000861148      201808      7558      755839
D020    61330200        44001400705053002210     201808     62484     6248439
D020    61345122        44057001040003873        201808    174118    17411839
D020    61352163        3602013519299010906      201808      7688      768839
D020    61357065        3602002719200130778      201808     21330     2133039
D020    61358427        44001400705050065362     201808      4164      416439
D020    61372788        680861250053             201808      4104      410439
D020    61630800        3602002609000279359      201808     27760     2776039
D020    61808320        3602892619100075453      201808      2980      298039
D020    61853747        9550880207106900104      201808      2980      298039
D020    62190532        01341345000000046        201808       800       80039
D020    62242141        709205807005125          201808      3200      320039
D020    62630010        3602041709320135436      201808    188802    18880239
D020    62812598        391020100100126926       201808      3200      320039
D020    62922651        3602114119100025954      201808     35560     3556039
D020    62255183        3602028919200140382      201808      3200      320039
D020    62818860        44001491204050486509     201808      7360      736039
D020    62827650        44031701040014660        201808      3200      320039
D020    62882709        3602054319200112285      201808      3200      320039
D020    62888010        3602015219200063779      201807      4940         038
D020    62888010        3602015219200063779      201808      4940         038
D020    62925879        44063901040000310        201808      5280      528039
D020    62260068        120906362910905          201808     22738     2273839
D020    62626020        44078001040016276        201808      3360      336039
D020    62723010        649664871227             201808      1800      180039
D020    62925182        3602074009200148636      201808     10560     1056039
D020    62241297        697466681                201808     22100     2210039
D020    62740312        3602075119100169811      201808      2800      280039
D020    62772511        800184366102022          201808      3780      378039
D020    62850186        441162553018010009986    201808      4280      428039
D020    62891626        281800121631             201808      3840      384039
D020    62383251        3602861809100012501      201807     13116         038
D020    62383251        3602861809100012501      201808      9422         038
D020    62650390        01441519000000273        201808      1800      180039
D020    62687833        01341456000000045        201808      1280      128039
D020    62692649        325902001000029305       201808     13202     1320239
D020    62802161        44001583401050342223     201808      3840      384039
D020    66292210        3602069219200002541      201808      5280      528039
D020    62209905        3602008109200024823      201808      3200      320039
D020    62687860        01341417000000086        201808      1280      128039
D020    62696019        3602005009200033585      201808      3680      368039
D020    62884913        347701001000016027       201808      4460      446039
D020    62891980        3602004519200312509      201808      6500      650039
D020    62924773        3602200509100076835      201808      7360      736039
D020    62925050        3602114709100047858      201808      4440      444039
D020    62671434        347701001000027863       201808      1500      150039
D020    62831229        845608342908091001       201808     11200     1120039
D020    62853271        3602097909200040835      201808     11360     1136039
D020    62882187        3602054319200112285      201808      3200      320039
D020    62882223        3602116619100000107      201808      3680      368039
D020    62882352        120905987710201          201808      3200      320039
D020    62663265        344605001000024078       201808      3200      320039
D020    62206538        936601001000016444       201808      3300      330039
D020    62625046        44001400102053001025     201808      3140      314039
D020    62633701        44056901040001697        201808      2280      228039
D020    62635570        3602010809200013026      201808      5760      576039
D020    62688226        636667170859             201808      3680      368039
D020    62716495        641866335502             201808      6400      640039
D020    62777217        101006516010005781       201808      3780      378039
D020    62859303        44070001040003322        201808      3360      336039
D020    62208746        936601001000016444       201808      3200      320039
D020    62884976        01341417000000086        201808       500       50039
D020    66293268        77860188000059148        201808      3800      380039
D020    62692647        325902001000029222       201808      2980      298039
D020    62771139        3602028409200108033      201808     20890     2089039
D020    62800790        3602002909000125222      201808      3680      368039
D020    66296550        3602001209200133326      201808      2280      228039
D020    62199191        44001491102059000267     201808      7960      796039
D020    62633999        44069101040003737        201808      3200      320039
D020    62641005        020900258710101          201808      9600      960039
D020    62650397        01441519000000273        201808     18460     1846039
D020    62662899        441164167018001427161    201808      3200         038
D020    62697711        347701001000004456       201808      5240      524039
D020    62812599        391020100100126926       201808      3200      320039
D020    62838240        441164670012015001950    201808      3200      320039
D020    62888018        3602015219200063779      201807      4780         038
D020    62888018        3602015219200063779      201808      4780         038
